0 7
1 7
2 7
3 7
4 7
5 7
6 7
0 10
1 10
2 10
3 10
4 10
5 10
6 10
7 10
8 10
9 10
10 10
11 10
12 10
13 10
14 10
15 10
12 7
13 7
14 7
15 7
16 7
11 7
10 7
15 6
15 5
15 4
15 3
101 0
101 1
101 2
100 4
100 5
100 6
100 0
100 1
100 2
100 3
100 7
101 7
100 8
100 9
100 10
100 11
100 12
100 13
100 14
100 15
100 16
100 17
100 18
100 19
100 20
100 21
100 22
100 23
113 0
102 0
103 0
104 0
105 0
106 0
107 0
108 0
109 0
110 0
111 0
112 0
102 1
103 1
104 1
105 1
106 1
107 1
108 1
109 1
110 1
111 1
112 1
113 1
102 2
103 2
104 2
105 2
106 2
107 2
108 2
109 2
110 2
111 2
112 2
113 2
101 3
102 3
103 3
104 3
105 3
106 3
107 3
108 3
109 3
110 3
111 3
112 3
113 3
101 4
102 4
103 4
104 4
105 4
106 4
107 4
108 4
109 4
110 4
111 4
112 4
113 4
101 5
102 5
103 5
104 5
105 5
106 5
107 5
108 5
109 5
110 5
111 5
112 5
113 5
101 6
102 6
103 6
104 6
105 6
106 6
107 6
108 6
109 6
110 6
111 6
112 6
113 6
102 7
103 7
104 7
105 7
106 7
107 7
108 7
109 7
110 7
111 7
112 7
113 7
101 8
102 8
103 8
104 8
105 8
106 8
107 8
108 8
109 8
110 8
111 8
112 8
113 8
101 9
102 9
103 9
104 9
105 9
106 9
107 9
108 9
109 9
110 9
111 9
112 9
113 9
101 10
102 10
103 10
104 10
105 10
106 10
107 10
108 10
109 10
110 10
111 10
112 10
113 10
101 11
102 11
103 11
104 11
105 11
106 11
107 11
108 11
109 11
110 11
111 11
112 11
113 11
101 12
102 12
103 12
104 12
105 12
106 12
107 12
108 12
109 12
110 12
111 12
112 12
113 12
101 13
102 13
103 13
104 13
105 13
106 13
107 13
108 13
109 13
110 13
111 13
112 13
113 13
101 14
102 14
103 14
104 14
105 14
106 14
107 14
108 14
109 14
110 14
111 14
112 14
113 14
101 15
102 15
103 15
104 15
105 15
106 15
107 15
108 15
109 15
110 15
111 15
112 15
113 15
101 16
102 16
103 16
104 16
105 16
106 16
107 16
108 16
109 16
110 16
111 16
112 16
113 16
101 17
102 17
103 17
104 17
105 17
106 17
107 17
108 17
109 17
110 17
111 17
112 17
113 17
101 18
102 18
103 18
104 18
105 18
106 18
107 18
108 18
109 18
110 18
111 18
112 18
113 18
101 19
102 19
103 19
104 19
105 19
106 19
107 19
108 19
109 19
110 19
111 19
112 19
113 19
101 20
102 20
103 20
104 20
105 20
106 20
107 20
108 20
109 20
110 20
111 20
112 20
113 20
101 21
102 21
103 21
104 21
105 21
106 21
107 21
108 21
109 21
110 21
111 21
112 21
113 21
101 22
102 22
103 22
104 22
105 22
106 22
107 22
108 22
109 22
110 22
111 22
112 22
113 22
101 23
102 23
103 23
104 23
105 23
106 23
107 23
108 23
109 23
110 23
111 23
112 23
113 23
100 24
101 24
102 24
103 24
104 24
105 24
106 24
107 24
108 24
109 24
110 24
111 24
112 24
113 24
100 25
101 25
102 25
103 25
104 25
105 25
106 25
107 25
108 25
109 25
110 25
111 25
112 25
113 25
100 26
101 26
102 26
103 26
104 26
105 26
106 26
107 26
108 26
109 26
110 26
111 26
112 26
113 26
100 27
101 27
102 27
103 27
104 27
105 27
106 27
107 27
108 27
109 27
110 27
111 27
112 27
113 27
100 28
101 28
102 28
103 28
104 28
105 28
106 28
107 28
108 28
109 28
110 28
111 28
112 28
113 28
100 29
101 29
102 29
103 29
104 29
105 29
106 29
107 29
108 29
109 29
110 29
111 29
112 29
113 29
100 30
101 30
102 30
103 30
104 30
105 30
106 30
107 30
108 30
109 30
110 30
111 30
112 30
113 30
100 31
101 31
102 31
103 31
104 31
105 31
106 31
107 31
108 31
109 31
110 31
111 31
112 31
113 31
100 32
101 32
102 32
103 32
104 32
105 32
106 32
107 32
108 32
109 32
110 32
111 32
112 32
113 32
100 33
101 33
102 33
103 33
104 33
105 33
106 33
107 33
108 33
109 33
110 33
111 33
112 33
113 33
100 34
101 34
102 34
103 34
104 34
105 34
106 34
107 34
108 34
109 34
110 34
111 34
112 34
113 34
100 35
101 35
102 35
103 35
104 35
105 35
106 35
107 35
108 35
109 35
110 35
111 35
112 35
113 35
100 36
101 36
102 36
103 36
104 36
105 36
106 36
107 36
108 36
109 36
110 36
111 36
112 36
113 36
100 37
101 37
102 37
103 37
104 37
105 37
106 37
107 37
108 37
109 37
110 37
111 37
112 37
113 37
100 38
101 38
102 38
103 38
104 38
105 38
106 38
107 38
108 38
109 38
110 38
111 38
112 38
113 38
100 39
101 39
102 39
103 39
104 39
105 39
106 39
107 39
108 39
109 39
110 39
111 39
112 39
113 39
100 40
101 40
102 40
103 40
104 40
105 40
106 40
107 40
108 40
109 40
110 40
111 40
112 40
113 40
100 41
101 41
102 41
103 41
104 41
105 41
106 41
107 41
108 41
109 41
110 41
111 41
112 41
113 41
100 42
101 42
102 42
103 42
104 42
105 42
106 42
107 42
108 42
109 42
110 42
111 42
112 42
113 42
100 43
101 43
102 43
103 43
104 43
105 43
106 43
107 43
108 43
109 43
110 43
111 43
112 43
113 43
100 44
101 44
102 44
103 44
104 44
105 44
106 44
107 44
108 44
109 44
110 44
111 44
112 44
113 44
32 100
31 100
30 100
29 100
28 100
27 100
26 100
25 100
24 100
23 100
22 100
21 100
20 101
20 100
19 100
19 101
18 101
17 101
16 101
16 100
17 100
15 100
15 101
14 101
13 101
14 100
18 100
12 101
11 101
11 100
12 100
10 101
9 101
8 101
7 101
6 101
5 101
6 100
7 100
8 100
9 100
10 100
13 100
4 100
3 100
2 100
1 100
0 100
5 100
0 101
1 101
2 101
3 101
4 101
20 102
21 102
21 101
22 101
28 101
29 101
26 102
27 101
25 102
24 102
23 102
24 101
25 101
26 101
22 102
23 101
0 102
1 102
2 102
3 102
4 102
5 102
6 102
7 102
8 102
9 102
10 102
11 102
12 102
13 102
14 102
15 102
16 102
17 102
18 102
19 102
0 103
1 103
2 103
3 103
4 103
5 103
6 103
7 103
8 103
9 103
10 103
11 103
12 103
13 103
14 103
15 103
16 103
17 103
18 103
19 103
0 104
1 104
2 104
3 104
4 104
5 104
6 104
7 104
8 104
9 104
10 104
11 104
12 104
13 104
14 104
15 104
16 104
17 104
18 104
19 104
0 105
1 105
2 105
3 105
4 105
5 105
6 105
7 105
8 105
9 105
10 105
11 105
12 105
13 105
14 105
15 105
16 105
17 105
18 105
19 105
0 106
1 106
2 106
3 106
4 106
5 106
6 106
7 106
8 106
9 106
10 106
11 106
12 106
13 106
14 106
15 106
16 106
17 106
18 106
19 106
27 102
28 102
29 102
30 102
31 102
32 102
20 103
21 103
22 103
23 103
24 103
25 103
26 103
27 103
28 103
29 103
30 103
31 103
32 103
20 104
21 104
22 104
23 104
24 104
25 104
26 104
27 104
28 104
29 104
30 104
31 104
32 104
20 105
21 105
22 105
23 105
24 105
25 105
26 105
27 105
28 105
29 105
30 105
31 105
32 105
20 106
21 106
22 106
23 106
24 106
25 106
26 106
27 106
28 106
29 106
30 106
31 106
32 106
33 100
30 101
31 101
32 101
33 101
34 100
35 100
36 100
37 100
38 100
39 100
34 101
35 101
36 101
37 101
38 101
39 101
33 102
34 102
35 102
36 102
37 102
38 102
39 102
33 103
34 103
35 103
36 103
37 103
38 103
39 103
33 104
34 104
35 104
36 104
37 104
38 104
39 104
33 105
34 105
35 105
36 105
37 105
38 105
39 105
33 106
34 106
35 106
36 106
37 106
38 106
39 106
40 100
41 100
42 100
43 100
44 100
45 100
46 100
47 100
40 101
41 101
42 101
43 101
44 101
45 101
46 101
47 101
40 102
41 102
42 102
43 102
44 102
45 102
46 102
47 102
40 103
41 103
42 103
43 103
44 103
45 103
46 103
47 103
40 104
41 104
42 104
43 104
44 104
45 104
46 104
47 104
40 105
41 105
42 105
43 105
44 105
45 105
46 105
47 105
40 106
41 106
42 106
43 106
44 106
45 106
46 106
47 106
48 100
49 100
50 100
51 100
52 100
53 100
54 100
48 101
49 101
50 101
51 101
52 101
53 101
54 101
48 102
49 102
50 102
51 102
52 102
53 102
54 102
48 103
49 103
50 103
51 103
52 103
53 103
54 103
48 104
49 104
50 104
51 104
52 104
53 104
54 104
48 105
49 105
50 105
51 105
52 105
53 105
54 105
48 106
49 106
50 106
51 106
52 106
53 106
54 106
55 100
56 100
57 100
58 100
59 100
60 100
61 100
62 100
63 100
55 101
56 101
57 101
58 101
59 101
60 101
61 101
62 101
63 101
55 102
56 102
57 102
58 102
59 102
60 102
61 102
62 102
63 102
55 103
56 103
57 103
58 103
59 103
60 103
61 103
62 103
63 103
55 104
56 104
57 104
58 104
59 104
60 104
61 104
62 104
63 104
55 105
56 105
57 105
58 105
59 105
60 105
61 105
62 105
63 105
55 106
56 106
57 106
58 106
59 106
60 106
61 106
62 106
63 106
64 100
65 100
66 100
67 100
68 100
69 100
70 100
71 100
72 100
73 100
64 101
65 101
66 101
67 101
68 101
69 101
70 101
71 101
72 101
73 101
64 102
65 102
66 102
67 102
68 102
69 102
70 102
71 102
72 102
73 102
64 103
65 103
66 103
67 103
68 103
69 103
70 103
71 103
72 103
73 103
64 104
65 104
66 104
67 104
68 104
69 104
70 104
71 104
72 104
73 104
64 105
65 105
66 105
67 105
68 105
69 105
70 105
71 105
72 105
73 105
64 106
65 106
66 106
67 106
68 106
69 106
70 106
71 106
72 106
73 106
74 100
75 100
76 100
77 100
78 100
79 100
80 100
81 100
82 100
83 100
84 100
85 100
86 100
74 101
75 101
76 101
77 101
78 101
79 101
80 101
81 101
82 101
83 101
84 101
85 101
86 101
74 102
75 102
76 102
77 102
78 102
79 102
80 102
81 102
82 102
83 102
84 102
85 102
86 102
74 103
75 103
76 103
77 103
78 103
79 103
80 103
81 103
82 103
83 103
84 103
85 103
86 103
74 104
75 104
76 104
77 104
78 104
79 104
80 104
81 104
82 104
83 104
84 104
85 104
86 104
74 105
75 105
76 105
77 105
78 105
79 105
80 105
81 105
82 105
83 105
84 105
85 105
86 105
74 106
75 106
76 106
77 106
78 106
79 106
80 106
81 106
82 106
83 106
84 106
85 106
86 106
87 100
88 100
89 100
90 100
91 100
92 100
93 100
94 100
95 100
96 100
97 100
98 100
99 100
87 101
88 101
89 101
90 101
91 101
92 101
93 101
94 101
95 101
96 101
97 101
98 101
99 101
87 102
88 102
89 102
90 102
91 102
92 102
93 102
94 102
95 102
96 102
97 102
98 102
99 102
87 103
88 103
89 103
90 103
91 103
92 103
93 103
94 103
95 103
96 103
97 103
98 103
99 103
87 104
88 104
89 104
90 104
91 104
92 104
93 104
94 104
95 104
96 104
97 104
98 104
99 104
87 105
88 105
89 105
90 105
91 105
92 105
93 105
94 105
95 105
96 105
97 105
98 105
99 105
87 106
88 106
89 106
90 106
91 106
92 106
93 106
94 106
95 106
96 106
97 106
98 106
99 106
100 100
101 100
102 100
103 100
104 100
105 100
106 100
107 100
108 100
109 100
110 100
111 100
112 100
100 101
101 101
102 101
103 101
104 101
105 101
106 101
107 101
108 101
109 101
110 101
111 101
112 101
100 102
101 102
102 102
103 102
104 102
105 102
106 102
107 102
108 102
109 102
110 102
111 102
112 102
100 103
101 103
102 103
103 103
104 103
105 103
106 103
107 103
108 103
109 103
110 103
111 103
112 103
100 104
101 104
102 104
103 104
104 104
105 104
106 104
107 104
108 104
109 104
110 104
111 104
112 104
100 105
101 105
102 105
103 105
104 105
105 105
106 105
107 105
108 105
109 105
110 105
111 105
112 105
100 106
101 106
102 106
103 106
104 106
105 106
106 106
107 106
108 106
109 106
110 106
111 106
112 106
112 99
113 99
113 100
113 101
113 102
113 103
113 104
113 105
113 106
108 91
109 91
110 91
111 91
112 91
113 91
108 92
109 92
110 92
111 92
112 92
113 92
108 93
109 93
110 93
111 93
112 93
113 93
108 94
109 94
110 94
111 94
112 94
113 94
108 95
109 95
110 95
111 95
112 95
113 95
108 96
109 96
110 96
111 96
112 96
113 96
108 97
109 97
110 97
111 97
112 97
113 97
108 98
109 98
110 98
111 98
112 98
113 98
101 45
102 45
103 45
104 45
105 45
106 45
107 45
108 45
109 45
110 45
111 45
112 45
113 45
101 46
102 46
103 46
104 46
105 46
106 46
107 46
108 46
109 46
110 46
111 46
112 46
113 46
101 47
102 47
103 47
104 47
105 47
106 47
107 47
108 47
109 47
110 47
111 47
112 47
113 47
101 48
102 48
103 48
104 48
105 48
106 48
107 48
108 48
109 48
110 48
111 48
112 48
113 48
101 49
102 49
103 49
104 49
105 49
106 49
107 49
108 49
109 49
110 49
111 49
112 49
113 49
101 50
102 50
103 50
104 50
105 50
106 50
107 50
108 50
109 50
110 50
111 50
112 50
113 50
101 51
102 51
103 51
104 51
105 51
106 51
107 51
108 51
109 51
110 51
111 51
112 51
113 51
101 52
102 52
103 52
104 52
105 52
106 52
107 52
108 52
109 52
110 52
111 52
112 52
113 52
101 53
102 53
103 53
104 53
105 53
106 53
107 53
108 53
109 53
110 53
111 53
112 53
113 53
101 54
102 54
103 54
104 54
105 54
106 54
107 54
108 54
109 54
110 54
111 54
112 54
113 54
100 45
100 46
100 47
100 48
100 49
100 50
100 51
100 52
100 53
100 54
100 55
100 56
100 57
100 58
100 59
100 60
100 61
101 61
100 62
101 62
100 63
101 63
100 64
101 64
100 65
101 65
100 66
101 66
100 67
101 67
100 68
101 68
101 55
102 55
103 55
104 55
105 55
106 55
107 55
108 55
109 55
110 55
111 55
112 55
113 55
101 56
102 56
103 56
104 56
105 56
106 56
107 56
108 56
109 56
110 56
111 56
112 56
113 56
101 57
102 57
103 57
104 57
105 57
106 57
107 57
108 57
109 57
110 57
111 57
112 57
113 57
101 58
102 58
103 58
104 58
105 58
106 58
107 58
108 58
109 58
110 58
111 58
112 58
113 58
101 59
102 59
103 59
104 59
105 59
106 59
107 59
108 59
109 59
110 59
111 59
112 59
113 59
101 60
102 60
103 60
104 60
105 60
106 60
107 60
108 60
109 60
110 60
111 60
112 60
113 60
102 61
103 61
104 61
105 61
106 61
107 61
108 61
109 61
110 61
111 61
112 61
113 61
102 62
103 62
104 62
105 62
106 62
107 62
108 62
109 62
110 62
111 62
112 62
113 62
102 63
103 63
104 63
105 63
106 63
107 63
108 63
109 63
110 63
111 63
112 63
113 63
102 64
103 64
104 64
105 64
106 64
107 64
108 64
109 64
110 64
111 64
112 64
113 64
102 65
103 65
104 65
105 65
106 65
107 65
108 65
109 65
110 65
111 65
112 65
113 65
102 66
103 66
104 66
105 66
106 66
107 66
108 66
109 66
110 66
111 66
112 66
113 66
102 67
103 67
104 67
105 67
106 67
107 67
108 67
109 67
110 67
111 67
112 67
113 67
102 68
103 68
104 68
105 68
106 68
107 68
108 68
109 68
110 68
111 68
112 68
113 68
100 69
101 69
102 69
103 69
104 69
105 69
106 69
107 69
108 69
109 69
110 69
111 69
112 69
113 69
100 70
101 70
102 70
103 70
104 70
105 70
106 70
107 70
108 70
109 70
110 70
111 70
112 70
113 70
100 71
101 71
102 71
103 71
104 71
105 71
106 71
107 71
108 71
109 71
110 71
111 71
112 71
113 71
100 72
101 72
102 72
103 72
104 72
105 72
106 72
107 72
108 72
109 72
110 72
111 72
112 72
113 72
100 73
101 73
102 73
103 73
104 73
105 73
106 73
107 73
108 73
109 73
110 73
111 73
112 73
113 73
100 74
101 74
102 74
103 74
104 74
105 74
106 74
107 74
108 74
109 74
110 74
111 74
112 74
113 74
100 75
101 75
102 75
103 75
104 75
105 75
106 75
107 75
108 75
109 75
110 75
111 75
112 75
113 75
100 76
101 76
102 76
103 76
104 76
105 76
106 76
107 76
108 76
109 76
110 76
111 76
112 76
113 76
100 77
101 77
102 77
103 77
104 77
105 77
106 77
107 77
108 77
109 77
110 77
111 77
112 77
113 77
100 78
101 78
102 78
103 78
104 78
105 78
106 78
107 78
108 78
109 78
110 78
111 78
112 78
113 78
100 79
101 79
102 79
103 79
104 79
105 79
106 79
107 79
108 79
109 79
110 79
111 79
112 79
113 79
100 80
101 80
102 80
103 80
104 80
105 80
106 80
107 80
108 80
109 80
110 80
111 80
112 80
113 80
100 81
101 81
102 81
103 81
104 81
105 81
106 81
107 81
108 81
109 81
110 81
111 81
112 81
113 81
100 82
101 82
102 82
103 82
104 82
105 82
106 82
107 82
108 82
109 82
110 82
111 82
112 82
113 82
100 83
101 83
102 83
103 83
104 83
105 83
106 83
107 83
108 83
109 83
110 83
111 83
112 83
113 83
100 84
101 84
102 84
103 84
104 84
105 84
106 84
107 84
108 84
109 84
110 84
111 84
112 84
113 84
100 85
101 85
102 85
103 85
104 85
105 85
106 85
107 85
108 85
109 85
110 85
111 85
112 85
113 85
100 86
101 86
102 86
103 86
104 86
105 86
106 86
107 86
108 86
109 86
110 86
111 86
112 86
113 86
100 87
101 87
102 87
103 87
104 87
105 87
106 87
107 87
108 87
109 87
110 87
111 87
112 87
113 87
100 88
101 88
102 88
103 88
104 88
105 88
106 88
107 88
108 88
109 88
110 88
111 88
112 88
113 88
100 89
101 89
102 89
103 89
104 89
105 89
106 89
107 89
108 89
109 89
110 89
111 89
112 89
113 89
100 90
101 90
102 90
103 90
104 90
105 90
106 90
107 90
108 90
109 90
110 90
111 90
112 90
113 90
100 91
101 91
102 91
103 91
104 91
105 91
106 91
107 91
100 92
101 92
102 92
103 92
104 92
105 92
106 92
107 92
100 93
101 93
102 93
103 93
104 93
105 93
106 93
107 93
100 94
101 94
102 94
103 94
104 94
105 94
106 94
107 94
100 95
101 95
102 95
103 95
104 95
105 95
106 95
107 95
100 96
101 96
102 96
103 96
104 96
105 96
106 96
107 96
100 97
101 97
102 97
103 97
104 97
105 97
106 97
107 97
100 98
101 98
102 98
103 98
104 98
105 98
106 98
107 98
100 99
101 99
102 99
103 99
104 99
105 99
106 99
107 99
108 99
109 99
110 99
111 99
45 17
46 17
47 17
48 17
48 20
47 20
46 20
45 20
38 10
38 7
28 10
28 7
42 20
42 17
51 20
51 17
10 38
11 38
12 38
13 38
14 38
15 38
22 38
22 37
22 36
22 35
22 34
22 33
22 32
22 31
22 30
23 38
24 38
25 38
26 38
27 38
28 38
29 38
30 38
31 38
32 38
33 38
10 31
11 31
12 31
13 31
14 31
15 31
15 30
15 29
15 28
15 27
15 26
15 25
15 24
15 23
16 23
17 23
18 23
19 23
20 23
21 23
22 23
23 23
24 23
26 23
25 23
27 23
28 23
29 23
29 30
29 29
29 28
29 27
29 26
29 25
29 24
30 31
31 31
32 31
29 31
33 31
34 31
35 31
36 31
37 31
38 31
39 31
40 31
40 38
40 45
39 45
38 45
37 45
36 45
35 45
34 45
33 45
32 45
31 45
30 45
22 45
22 46
22 47
22 48
22 49
22 50
22 51
22 52
22 53
15 59
15 58
15 57
15 56
15 55
15 54
15 53
15 52
15 51
15 50
15 49
15 48
15 47
15 46
15 45
23 53
24 53
25 53
26 53
27 53
28 53
29 53
30 53
31 53
32 53
33 53
34 53
35 53
36 53
37 53
38 53
39 53
40 53
15 60
15 61
15 62
41 38
42 38
43 38
44 38
45 38
46 38
47 38
48 38
49 38
50 38
50 39
50 40
50 41
50 42
50 43
50 44
50 45
50 46
50 47
50 48
50 49
50 50
50 51
50 52
50 53
50 54
9 31
8 31
7 31
6 31
5 31
4 31
4 38
5 38
6 38
7 38
8 38
9 38
4 39
4 40
4 41
4 42
4 43
4 44
4 45
4 46
4 47
4 48
4 49
25 49
25 48
26 48
26 49
62 32
63 32
64 32
65 32
66 32
67 32
68 32
69 32
70 32
62 31
62 30
62 29
62 28
62 34
62 35
62 36
62 33
61 32
60 32
59 32
58 32
57 32
56 32
59 37
60 37
61 37
62 37
63 37
64 37
65 37
66 37
58 37
64 57
65 57
66 57
67 57
68 57
73 57
74 57
75 57
76 57
77 57
82 57
83 57
84 57
85 57
86 57
64 67
65 67
66 67
67 67
68 67
73 67
74 67
75 67
76 67
77 67
82 67
83 67
84 67
85 67
86 67
